0
3
6
7
11
14
15
19
21
23
25
28
31
31
35
37
39
41
44
46
48
49
52
54
56
58
60
62
63
63
68
70
72
73
76
77
79
81
83
85
86
88
90
91
93
96
96
97
99
101
102
104
105
107
108
110
112
113
115
116
117
118
120
121
123
124
125
126
128
129
130
131
132
133
135
135
138
139
140
141
142
143
143
145
147
148
149
149
151
152
152
153
154
156
156
157
158
159
159
159
162
163
163
165
166
167
167
169
169
170
171
172
172
173
174
175
176
176
177
177
178
179
180
181
182
182
183
184
184
185
185
187
187
188
192
192
192
192
192
192
192
193
193
193
195
195
195
196
196
198
198
199
199
199
200
200
201
201
202
202
204
204
204
204
205
205
206
207
207
207
207
208
209
208
210
209
210
211
211
212
212
213
213
213
213
215
214
214
216
216
216
216
217
216
217
217
217
218
219
218
219
220
220
220
221
221
221
221
224
224
224
224
224
224
224
224
224
224
225
224
225
225
226
225
226
226
226
227
227
227
227
227
228
227
228
229
229
229
229
230
230
230
231
230
230
231
231
231
231
231
232
232
232
232
233
233
233
233
233
234
233
234
234
234
235
235
234
234
235
235
235
235
236
236
236
236
236
236
236
237
237
237
238
238
237
237
237
237
238
238
238
240
240
240
240
240
240
240
240
240
240
240
240
240
240
240
240
240
240
240
241
241
241
241
241
241
241
242
242
241
241
241
242
241
241
242
242
242
242
242
242
243
242
243
243
243
243
242
243
243
243
243
243
243
244
243
244
244
244
243
244
244
245
244
244
244
244
245
245
244
244
245
245
244
246
245
245
245
245
246
244
246
246
245
246
245
246
245
246
246
246
246
246
246
247
246
246
247
247
247
248
246
243
241
240
236
233
231
228
226
224
224
219
217
215
213
211
208
207
204
202
199
199
196
194
193
192
192
187
185
183
181
179
177
176
173
172
170
168
166
165
163
161
159
158
157
155
154
153
151
149
147
146
145
143
142
141
139
137
136
135
134
132
131
129
128
127
126
124
123
122
121
120
119
117
115
115
114
112
112
112
109
108
107
106
105
104
103
102
101
99
99
98
97
96
63
96
93
92
91
90
89
88
88
87
86
86
84
83
83
82
81
79
79
78
78
77
77
75
74
74
73
73
71
71
71
70
70
68
67
67
63
63
63
63
63
63
63
62
61
60
60
60
59
57
59
57
56
56
56
55
54
54
54
53
52
51
51
50
50
50
49
48
49
48
48
48
46
46
45
46
44
44
44
43
44
43
42
41
41
41
40
39
39
39
39
38
39
38
37
37
36
36
36
36
35
35
34
34
34
33
31
31
31
31
31
31
31
31
30
31
30
30
29
29
29
28
28
28
27
28
27
27
27
27
27
25
26
25
25
24
24
24
24
24
24
24
24
23
23
22
22
22
22
22
21
21
21
21
20
20
20
19
20
19
19
19
19
19
18
19
18
18
18
18
17
17
17
17
15
17
15
15
15
15
15
15
15
15
15
15
15
15
15
14
14
14
7
15
14
13
13
13
14
12
13
13
13
13
12
12
12
12
12
12
12
12
12
12
12
12
11
11
11
11
11
11
11
10
11
10
10
10
9
10
9
9
9
9
9
9
9
9
9
9
9
9
8
8
8
8
7
8
8
8
8
8
7
7
7
7
8
7
7
7
7
7
7
7
7
7
7
7
7
7
7
6
6
7
6
6
6
6
6
6
6
6
6
6
6
6
6
6
3